0000000000000	-6257.59167119
0010000000000	-5659.57222871
0100000000000	-5994.98773241
0110000000000	-5421.64124218
1000000000000	-5723.59626571
1010000000000	-5125.57682323
1100000000000	-5611.24290358
1110000000000	-5037.89641335
0000000000000	-6257.59167119
0001000000000	-5214.1580551
0010000000000	-5659.57222871
0011000000000	-4969.45862998
0100000000000	-5994.98773241
0101000000000	-4951.55411632
0110000000000	-5421.64124218
0111000000000	-4731.52764345
1000000000000	-5723.59626571
1001000000000	-4680.16264962
1010000000000	-5125.57682323
1011000000000	-4435.4632245
1100000000000	-5611.24290358
1101000000000	-4567.80928749
1110000000000	-5037.89641335
1111000000000	-4347.78281461
0000000000000	-6257.59167119
0000100000000	-6171.32571578
0001000000000	-5214.1580551
0001100000000	-5127.89209968
0010000000000	-5659.57222871
0010100000000	-5573.3062733
0011000000000	-4969.45862998
0011100000000	-4883.19267457
0100000000000	-5994.98773241
0100100000000	-5908.721777
0101000000000	-4951.55411632
0101100000000	-4865.28816091
0110000000000	-5421.64124218
0110100000000	-5335.37528677
0111000000000	-4731.52764345
0111100000000	-4645.26168804
1000000000000	-5723.59626571
1000100000000	-5637.3303103
1001000000000	-4680.16264962
1001100000000	-4593.8966942
1010000000000	-5125.57682323
1010100000000	-5039.31086782
1011000000000	-4435.4632245
1011100000000	-4349.19726909
1100000000000	-5611.24290358
1100100000000	-5524.97694817
1101000000000	-4567.80928749
1101100000000	-4481.54333207
1110000000000	-5037.89641335
1110100000000	-4951.63045793
1111000000000	-4347.78281461
1111100000000	-4261.5168592
1000000000000	-5723.59626571
1000010000000	-4287.75545172
1000100000000	-5637.3303103
1000110000000	-4201.48949631
1001000000000	-4680.16264962
1001010000000	-3244.32183563
1001100000000	-4593.8966942
1001110000000	-3158.05588022
1010000000000	-5125.57682323
1010010000000	-3689.73600925
1010100000000	-5039.31086782
1010110000000	-3603.47005384
1011000000000	-4435.4632245
1011010000000	-2999.62241052
1011100000000	-4349.19726909
1011110000000	-2913.3564551
1100000000000	-5611.24290358
1100010000000	-4175.40208959
1100100000000	-5524.97694817
1100110000000	-4089.13613418
1101000000000	-4567.80928749
1101010000000	-3131.9684735
1101100000000	-4481.54333207
1101110000000	-3045.70251809
1110000000000	-5037.89641335
1110010000000	-3602.05559936
1110100000000	-4951.63045793
1110110000000	-3515.78964395
1111000000000	-4347.78281461
1111010000000	-2911.94200063
1111100000000	-4261.5168592
1111110000000	-2825.67604522
1100000000000	-5611.24290358
1100001000000	-3558.32188274
1100010000000	-4175.40208959
1100011000000	-2859.20282634
1100100000000	-5524.97694817
1100101000000	-3472.05592733
1100110000000	-4089.13613418
1100111000000	-2772.93687093
1101000000000	-4567.80928749
1101001000000	-2514.88826665
1101010000000	-3131.9684735
1101011000000	-1815.76921025
1101100000000	-4481.54333207
1101101000000	-2428.62231124
1101110000000	-3045.70251809
1101111000000	-1729.50325484
1110000000000	-5037.89641335
1110001000000	-2984.97539251
1110010000000	-3602.05559936
1110011000000	-2285.85633611
1110100000000	-4951.63045793
1110101000000	-2898.7094371
1110110000000	-3515.78964395
1110111000000	-2199.5903807
1111000000000	-4347.78281461
1111001000000	-2294.86179378
1111010000000	-2911.94200063
1111011000000	-1595.74273738
1111100000000	-4261.5168592
1111101000000	-2208.59583836
1111110000000	-2825.67604522
1111111000000	-1509.47678197
1110000000000	-5037.89641335
1110000100000	-4940.93826287
1110001000000	-2984.97539251
1110001100000	-2888.01724204
1110010000000	-3602.05559936
1110010100000	-3505.09744889
1110011000000	-2285.85633611
1110011100000	-2188.89818564
1110100000000	-4951.63045793
1110100100000	-4854.67230746
1110101000000	-2898.7094371
1110101100000	-2801.75128662
1110110000000	-3515.78964395
1110110100000	-3418.83149348
1110111000000	-2199.5903807
1110111100000	-2102.63223023
1111000000000	-4347.78281461
1111000100000	-4250.82466414
1111001000000	-2294.86179378
1111001100000	-2197.9036433
1111010000000	-2911.94200063
1111010100000	-2814.98385015
1111011000000	-1595.74273738
1111011100000	-1498.78458691
1111100000000	-4261.5168592
1111100100000	-4164.55870873
1111101000000	-2208.59583836
1111101100000	-2111.63768789
1111110000000	-2825.67604522
1111110100000	-2728.71789474
1111111000000	-1509.47678197
1111111100000	-1412.51863149
1111000000000	-4347.78281461
1111000010000	-3688.0451272
1111000100000	-4250.82466414
1111000110000	-3591.08697673
1111001000000	-2294.86179378
1111001010000	-1635.12410637
1111001100000	-2197.9036433
1111001110000	-1538.16595589
1111010000000	-2911.94200063
1111010010000	-2252.20431322
1111010100000	-2814.98385015
1111010110000	-2155.24616275
1111011000000	-1595.74273738
1111011010000	-936.005049969
1111011100000	-1498.78458691
1111011110000	-839.046899496
1111100000000	-4261.5168592
1111100010000	-3601.77917179
1111100100000	-4164.55870873
1111100110000	-3504.82102132
1111101000000	-2208.59583836
1111101010000	-1548.85815096
1111101100000	-2111.63768789
1111101110000	-1451.90000048
1111110000000	-2825.67604522
1111110010000	-2165.93835781
1111110100000	-2728.71789474
1111110110000	-2068.98020733
1111111000000	-1509.47678197
1111111010000	-849.739094557
1111111100000	-1412.51863149
1111111110000	-752.780944085
1111100000000	-4261.5168592
1111100001000	-3965.89134089
1111100010000	-3601.77917179
1111100011000	-3383.49434437
1111100100000	-4164.55870873
1111100101000	-3868.93319042
1111100110000	-3504.82102132
1111100111000	-3286.5361939
1111101000000	-2208.59583836
1111101001000	-1912.97032005
1111101010000	-1548.85815096
1111101011000	-1330.57332353
1111101100000	-2111.63768789
1111101101000	-1816.01216958
1111101110000	-1451.90000048
1111101111000	-1233.61517306
1111110000000	-2825.67604522
1111110001000	-2530.05052691
1111110010000	-2165.93835781
1111110011000	-1947.65353039
1111110100000	-2728.71789474
1111110101000	-2433.09237643
1111110110000	-2068.98020733
1111110111000	-1850.69537991
1111111000000	-1509.47678197
1111111001000	-1213.85126366
1111111010000	-849.739094557
1111111011000	-631.454267137
1111111100000	-1412.51863149
1111111101000	-1116.89311318
1111111110000	-752.780944085
1111111111000	-534.496116664
1111110000000	-2825.67604522
1111110000100	-2321.76862791
1111110001000	-2530.05052691
1111110001100	-2051.814383
1111110010000	-2165.93835781
1111110010100	-1662.0309405
1111110011000	-1947.65353039
1111110011100	-1469.41738648
1111110100000	-2728.71789474
1111110100100	-2224.81047744
1111110101000	-2433.09237643
1111110101100	-1954.85623253
1111110110000	-2068.98020733
1111110110100	-1565.07279003
1111110111000	-1850.69537991
1111110111100	-1372.45923601
1111111000000	-1509.47678197
1111111000100	-1005.56936466
1111111001000	-1213.85126366
1111111001100	-735.615119754
1111111010000	-849.739094557
1111111010100	-345.831677255
1111111011000	-631.454267137
1111111011100	-153.218123234
1111111100000	-1412.51863149
1111111100100	-908.611214191
1111111101000	-1116.89311318
1111111101100	-638.656969281
1111111110000	-752.780944085
1111111110100	-248.873526782
1111111111000	-534.496116664
1111111111100	-56.2599727617
1111111000000	-1509.47678197
1111111000010	-1474.14544696
1111111000100	-1005.56936466
1111111000110	-970.238029662
1111111001000	-1213.85126366
1111111001010	-1178.51992865
1111111001100	-735.615119754
1111111001110	-700.283784752
1111111010000	-849.739094557
1111111010010	-814.407759556
1111111010100	-345.831677255
1111111010110	-310.500342253
1111111011000	-631.454267137
1111111011010	-596.122932135
1111111011100	-153.218123234
1111111011110	-117.886788233
1111111100000	-1412.51863149
1111111100010	-1377.18729649
1111111100100	-908.611214191
1111111100110	-873.27987919
1111111101000	-1116.89311318
1111111101010	-1081.56177818
1111111101100	-638.656969281
1111111101110	-603.325634279
1111111110000	-752.780944085
1111111110010	-717.449609083
1111111110100	-248.873526782
1111111110110	-213.54219178
1111111111000	-534.496116664
1111111111010	-499.164781662
1111111111100	-56.2599727617
1111111111110	-20.9286377598
1111111100000	-1412.51863149
1111111100001	-1377.18582562
1111111100010	-1377.18729649
1111111100011	-1356.25865873
1111111100100	-908.611214191
1111111100101	-873.278408314
1111111100110	-873.27987919
1111111100111	-852.35124143
1111111101000	-1116.89311318
1111111101001	-1081.56030731
1111111101010	-1081.56177818
1111111101011	-1060.63314042
1111111101100	-638.656969281
1111111101101	-603.324163403
1111111101110	-603.325634279
1111111101111	-582.396996519
1111111110000	-752.780944085
1111111110001	-717.448138207
1111111110010	-717.449609083
1111111110011	-696.520971323
1111111110100	-248.873526782
1111111110101	-213.540720904
1111111110110	-213.54219178
1111111110111	-192.61355402
1111111111000	-534.496116664
1111111111001	-499.163310786
1111111111010	-499.164781662
1111111111011	-478.236143903
1111111111100	-56.2599727617
1111111111101	-20.9271668838
1111111111110	-20.9286377598
1111111111111	0.0
1111111110000	-752.780944085
1111111110001	-717.448138207
1111111110010	-717.449609083
1111111110011	-696.520971323
1111111110100	-248.873526782
1111111110101	-213.540720904
1111111110110	-213.54219178
1111111110111	-192.61355402
1111111111000	-534.496116664
1111111111001	-499.163310786
1111111111010	-499.164781662
1111111111011	-478.236143903
1111111111100	-56.2599727617
1111111111101	-20.9271668838
1111111111110	-20.9286377598
1111111111111	0.0
1111111111000	-534.496116664
1111111111001	-499.163310786
1111111111010	-499.164781662
1111111111011	-478.236143903
1111111111100	-56.2599727617
1111111111101	-20.9271668838
1111111111110	-20.9286377598
1111111111111	0.0
