00000000000	-3479.02544964
00100000000	-2271.09675998
01000000000	-2414.73674138
01100000000	-1580.98316125
10000000000	-3437.0889262
10100000000	-2229.16023655
11000000000	-2372.80021795
11100000000	-1539.04663781
00000000000	-3479.02544964
00010000000	-3229.6645791
00100000000	-2271.09675998
00110000000	-2021.73588945
01000000000	-2414.73674138
01010000000	-2165.37587085
01100000000	-1580.98316125
01110000000	-1331.62229071
10000000000	-3437.0889262
10010000000	-3187.72805566
10100000000	-2229.16023655
10110000000	-1979.79936601
11000000000	-2372.80021795
11010000000	-2123.43934741
11100000000	-1539.04663781
11110000000	-1289.68576728
00000000000	-3479.02544964
00001000000	-2895.4429713
00010000000	-3229.6645791
00011000000	-2699.77594072
00100000000	-2271.09675998
00101000000	-1687.51428165
00110000000	-2021.73588945
00111000000	-1491.84725106
01000000000	-2414.73674138
01001000000	-1831.15426305
01010000000	-2165.37587085
01011000000	-1635.48723246
01100000000	-1580.98316125
01101000000	-997.400682915
01110000000	-1331.62229071
01111000000	-801.73365233
10000000000	-3437.0889262
10001000000	-2853.50644786
10010000000	-3187.72805566
10011000000	-2657.83941728
10100000000	-2229.16023655
10101000000	-1645.57775821
10110000000	-1979.79936601
10111000000	-1449.91072763
11000000000	-2372.80021795
11001000000	-1789.21773961
11010000000	-2123.43934741
11011000000	-1593.55070903
11100000000	-1539.04663781
11101000000	-955.464159479
11110000000	-1289.68576728
11111000000	-759.797128893
10000000000	-3437.0889262
10000100000	-3385.68625172
10001000000	-2853.50644786
10001100000	-2802.10377339
10010000000	-3187.72805566
10010100000	-3136.32538119
10011000000	-2657.83941728
10011100000	-2606.4367428
10100000000	-2229.16023655
10100100000	-2177.75756207
10101000000	-1645.57775821
10101100000	-1594.17508373
10110000000	-1979.79936601
10110100000	-1928.39669153
10111000000	-1449.91072763
10111100000	-1398.50805315
11000000000	-2372.80021795
11000100000	-2321.39754347
11001000000	-1789.21773961
11001100000	-1737.81506513
11010000000	-2123.43934741
11010100000	-2072.03667293
11011000000	-1593.55070903
11011100000	-1542.14803455
11100000000	-1539.04663781
11100100000	-1487.64396333
11101000000	-955.464159479
11101100000	-904.061485
11110000000	-1289.68576728
11110100000	-1238.2830928
11111000000	-759.797128893
11111100000	-708.394454415
11000000000	-2372.80021795
11000010000	-2349.41662285
11000100000	-2321.39754347
11000110000	-2298.01394838
11001000000	-1789.21773961
11001010000	-1765.83414452
11001100000	-1737.81506513
11001110000	-1714.43147004
11010000000	-2123.43934741
11010010000	-2100.05575232
11010100000	-2072.03667293
11010110000	-2048.65307784
11011000000	-1593.55070903
11011010000	-1570.16711393
11011100000	-1542.14803455
11011110000	-1518.76443946
11100000000	-1539.04663781
11100010000	-1515.66304272
11100100000	-1487.64396333
11100110000	-1464.26036824
11101000000	-955.464159479
11101010000	-932.080564386
11101100000	-904.061485
11101110000	-880.677889907
11110000000	-1289.68576728
11110010000	-1266.30217218
11110100000	-1238.2830928
11110110000	-1214.89949771
11111000000	-759.797128893
11111010000	-736.4135338
11111100000	-708.394454415
11111110000	-685.010859322
11100000000	-1539.04663781
11100001000	-1101.50387965
11100010000	-1515.66304272
11100011000	-1078.12028456
11100100000	-1487.64396333
11100101000	-1050.10120517
11100110000	-1464.26036824
11100111000	-1026.71761008
11101000000	-955.464159479
11101001000	-517.921401317
11101010000	-932.080564386
11101011000	-494.537806224
11101100000	-904.061485
11101101000	-466.518726838
11101110000	-880.677889907
11101111000	-443.135131745
11110000000	-1289.68576728
11110001000	-852.143009116
11110010000	-1266.30217218
11110011000	-828.759414023
11110100000	-1238.2830928
11110101000	-800.740334637
11110110000	-1214.89949771
11110111000	-777.356739544
11111000000	-759.797128893
11111001000	-322.254370732
11111010000	-736.4135338
11111011000	-298.870775639
11111100000	-708.394454415
11111101000	-270.851696253
11111110000	-685.010859322
11111111000	-247.46810116
11110000000	-1289.68576728
11110000100	-1109.04272056
11110001000	-852.143009116
11110001100	-671.499962395
11110010000	-1266.30217218
11110010100	-1085.65912546
11110011000	-828.759414023
11110011100	-648.116367302
11110100000	-1238.2830928
11110100100	-1057.64004608
11110101000	-800.740334637
11110101100	-620.097287916
11110110000	-1214.89949771
11110110100	-1034.25645098
11110111000	-777.356739544
11110111100	-596.713692823
11111000000	-759.797128893
11111000100	-579.154082172
11111001000	-322.254370732
11111001100	-141.611324011
11111010000	-736.4135338
11111010100	-555.770487079
11111011000	-298.870775639
11111011100	-118.227728918
11111100000	-708.394454415
11111100100	-527.751407694
11111101000	-270.851696253
11111101100	-90.2086495319
11111110000	-685.010859322
11111110100	-504.367812601
11111111000	-247.46810116
11111111100	-66.8250544389
11111000000	-759.797128893
11111000010	-713.900712214
11111000100	-579.154082172
11111000110	-533.257665493
11111001000	-322.254370732
11111001010	-276.357954053
11111001100	-141.611324011
11111001110	-95.7149073314
11111010000	-736.4135338
11111010010	-690.517117121
11111010100	-555.770487079
11111010110	-509.8740704
11111011000	-298.870775639
11111011010	-252.97435896
11111011100	-118.227728918
11111011110	-72.3313122384
11111100000	-708.394454415
11111100010	-662.498037736
11111100100	-527.751407694
11111100110	-481.854991014
11111101000	-270.851696253
11111101010	-224.955279574
11111101100	-90.2086495319
11111101110	-44.3122328528
11111110000	-685.010859322
11111110010	-639.114442643
11111110100	-504.367812601
11111110110	-458.471395921
11111111000	-247.46810116
11111111010	-201.571684481
11111111100	-66.8250544389
11111111110	-20.9286377598
11111100000	-708.394454415
11111100001	-687.465816655
11111100010	-662.498037736
11111100011	-641.569399976
11111100100	-527.751407694
11111100101	-506.822769934
11111100110	-481.854991014
11111100111	-460.926353255
11111101000	-270.851696253
11111101001	-249.923058493
11111101010	-224.955279574
11111101011	-204.026641814
11111101100	-90.2086495319
11111101101	-69.2800117721
11111101110	-44.3122328528
11111101111	-23.383595093
11111110000	-685.010859322
11111110001	-664.082221562
11111110010	-639.114442643
11111110011	-618.185804883
11111110100	-504.367812601
11111110101	-483.439174841
11111110110	-458.471395921
11111110111	-437.542758162
11111111000	-247.46810116
11111111001	-226.5394634
11111111010	-201.571684481
11111111011	-180.643046721
11111111100	-66.8250544389
11111111101	-45.8964166792
11111111110	-20.9286377598
11111111111	0.0
11111110000	-685.010859322
11111110001	-664.082221562
11111110010	-639.114442643
11111110011	-618.185804883
11111110100	-504.367812601
11111110101	-483.439174841
11111110110	-458.471395921
11111110111	-437.542758162
11111111000	-247.46810116
11111111001	-226.5394634
11111111010	-201.571684481
11111111011	-180.643046721
11111111100	-66.8250544389
11111111101	-45.8964166792
11111111110	-20.9286377598
11111111111	0.0
11111111000	-247.46810116
11111111001	-226.5394634
11111111010	-201.571684481
11111111011	-180.643046721
11111111100	-66.8250544389
11111111101	-45.8964166792
11111111110	-20.9286377598
11111111111	0.0
