0000000000000000	-4512.08953106
0010000000000000	-4228.11693613
0100000000000000	-3980.45873854
0110000000000000	-3735.68760212
1000000000000000	-4002.54073329
1010000000000000	-3718.56813836
1100000000000000	-3494.86456149
1110000000000000	-3250.09342507
0000000000000000	-4512.08953106
0001000000000000	-4211.35365764
0010000000000000	-4228.11693613
0011000000000000	-3927.3810627
0100000000000000	-3980.45873854
0101000000000000	-3679.72286511
0110000000000000	-3735.68760212
0111000000000000	-3434.95172869
1000000000000000	-4002.54073329
1001000000000000	-3701.80485986
1010000000000000	-3718.56813836
1011000000000000	-3417.83226493
1100000000000000	-3494.86456149
1101000000000000	-3194.12868806
1110000000000000	-3250.09342507
1111000000000000	-2949.35755164
0000000000000000	-4512.08953106
0000100000000000	-3956.65287799
0001000000000000	-4211.35365764
0001100000000000	-3655.91700456
0010000000000000	-4228.11693613
0010100000000000	-3672.68028306
0011000000000000	-3927.3810627
0011100000000000	-3371.94440963
0100000000000000	-3980.45873854
0100100000000000	-3425.02208547
0101000000000000	-3679.72286511
0101100000000000	-3124.28621204
0110000000000000	-3735.68760212
0110100000000000	-3180.25094904
0111000000000000	-3434.95172869
0111100000000000	-2879.51507561
1000000000000000	-4002.54073329
1000100000000000	-3447.10408022
1001000000000000	-3701.80485986
1001100000000000	-3146.36820679
1010000000000000	-3718.56813836
1010100000000000	-3163.13148529
1011000000000000	-3417.83226493
1011100000000000	-2862.39561186
1100000000000000	-3494.86456149
1100100000000000	-2939.42790842
1101000000000000	-3194.12868806
1101100000000000	-2638.69203499
1110000000000000	-3250.09342507
1110100000000000	-2694.656772
1111000000000000	-2949.35755164
1111100000000000	-2393.92089857
1000000000000000	-4002.54073329
1000010000000000	-3976.9927186
1000100000000000	-3447.10408022
1000110000000000	-3447.10408022
1001000000000000	-3701.80485986
1001010000000000	-3676.25684517
1001100000000000	-3146.36820679
1001110000000000	-3146.36820679
1010000000000000	-3718.56813836
1010010000000000	-3693.02012367
1010100000000000	-3163.13148529
1010110000000000	-3163.13148529
1011000000000000	-3417.83226493
1011010000000000	-3392.28425024
1011100000000000	-2862.39561186
1011110000000000	-2862.39561186
1100000000000000	-3494.86456149
1100010000000000	-3469.3165468
1100100000000000	-2939.42790842
1100110000000000	-2939.42790842
1101000000000000	-3194.12868806
1101010000000000	-3168.58067337
1101100000000000	-2638.69203499
1101110000000000	-2638.69203499
1110000000000000	-3250.09342507
1110010000000000	-3224.54541038
1110100000000000	-2694.656772
1110110000000000	-2694.656772
1111000000000000	-2949.35755164
1111010000000000	-2923.80953695
1111100000000000	-2393.92089857
1111110000000000	-2393.92089857
1100000000000000	-3494.86456149
1100001000000000	-3110.95138553
1100010000000000	-3469.3165468
1100011000000000	-3085.40337084
1100100000000000	-2939.42790842
1100101000000000	-2555.51473246
1100110000000000	-2939.42790842
1100111000000000	-2555.51473246
1101000000000000	-3194.12868806
1101001000000000	-2810.2155121
1101010000000000	-3168.58067337
1101011000000000	-2784.66749741
1101100000000000	-2638.69203499
1101101000000000	-2254.77885903
1101110000000000	-2638.69203499
1101111000000000	-2254.77885903
1110000000000000	-3250.09342507
1110001000000000	-2866.18024911
1110010000000000	-3224.54541038
1110011000000000	-2840.63223442
1110100000000000	-2694.656772
1110101000000000	-2310.74359604
1110110000000000	-2694.656772
1110111000000000	-2310.74359604
1111000000000000	-2949.35755164
1111001000000000	-2565.44437568
1111010000000000	-2923.80953695
1111011000000000	-2539.89636099
1111100000000000	-2393.92089857
1111101000000000	-2010.00772261
1111110000000000	-2393.92089857
1111111000000000	-2010.00772261
1110000000000000	-3250.09342507
1110000100000000	-3104.08759626
1110001000000000	-2866.18024911
1110001100000000	-2775.75094962
1110010000000000	-3224.54541038
1110010100000000	-3078.53958157
1110011000000000	-2840.63223442
1110011100000000	-2750.20293493
1110100000000000	-2694.656772
1110100100000000	-2548.65094319
1110101000000000	-2310.74359604
1110101100000000	-2220.31429655
1110110000000000	-2694.656772
1110110100000000	-2548.65094319
1110111000000000	-2310.74359604
1110111100000000	-2220.31429655
1111000000000000	-2949.35755164
1111000100000000	-2803.35172283
1111001000000000	-2565.44437568
1111001100000000	-2475.01507619
1111010000000000	-2923.80953695
1111010100000000	-2777.80370815
1111011000000000	-2539.89636099
1111011100000000	-2449.4670615
1111100000000000	-2393.92089857
1111100100000000	-2247.91506976
1111101000000000	-2010.00772261
1111101100000000	-1919.57842312
1111110000000000	-2393.92089857
1111110100000000	-2247.91506976
1111111000000000	-2010.00772261
1111111100000000	-1919.57842312
1111000000000000	-2949.35755164
1111000010000000	-2706.89453652
1111000100000000	-2803.35172283
1111000110000000	-2587.32163595
1111001000000000	-2565.44437568
1111001010000000	-2322.98136056
1111001100000000	-2475.01507619
1111001110000000	-2258.98498931
1111010000000000	-2923.80953695
1111010010000000	-2681.34652183
1111010100000000	-2777.80370815
1111010110000000	-2561.77362126
1111011000000000	-2539.89636099
1111011010000000	-2297.43334587
1111011100000000	-2449.4670615
1111011110000000	-2233.43697462
1111100000000000	-2393.92089857
1111100010000000	-2151.45788344
1111100100000000	-2247.91506976
1111100110000000	-2031.88498288
1111101000000000	-2010.00772261
1111101010000000	-1767.54470748
1111101100000000	-1919.57842312
1111101110000000	-1703.54833623
1111110000000000	-2393.92089857
1111110010000000	-2151.45788344
1111110100000000	-2247.91506976
1111110110000000	-2031.88498288
1111111000000000	-2010.00772261
1111111010000000	-1767.54470748
1111111100000000	-1919.57842312
1111111110000000	-1703.54833623
1111100000000000	-2393.92089857
1111100001000000	-2289.82236986
1111100010000000	-2151.45788344
1111100011000000	-2068.64619198
1111100100000000	-2247.91506976
1111100101000000	-2143.81654106
1111100110000000	-2031.88498288
1111100111000000	-1949.07329141
1111101000000000	-2010.00772261
1111101001000000	-1905.9091939
1111101010000000	-1767.54470748
1111101011000000	-1684.73301602
1111101100000000	-1919.57842312
1111101101000000	-1815.47989442
1111101110000000	-1703.54833623
1111101111000000	-1620.73664477
1111110000000000	-2393.92089857
1111110001000000	-2289.82236986
1111110010000000	-2151.45788344
1111110011000000	-2068.64619198
1111110100000000	-2247.91506976
1111110101000000	-2143.81654106
1111110110000000	-2031.88498288
1111110111000000	-1949.07329141
1111111000000000	-2010.00772261
1111111001000000	-1905.9091939
1111111010000000	-1767.54470748
1111111011000000	-1684.73301602
1111111100000000	-1919.57842312
1111111101000000	-1815.47989442
1111111110000000	-1703.54833623
1111111111000000	-1620.73664477
1111110000000000	-2393.92089857
1111110000100000	-2130.30625047
1111110001000000	-2289.82236986
1111110001100000	-2026.20772176
1111110010000000	-2151.45788344
1111110010100000	-1887.84323534
1111110011000000	-2068.64619198
1111110011100000	-1805.03154387
1111110100000000	-2247.91506976
1111110100100000	-1984.30042166
1111110101000000	-2143.81654106
1111110101100000	-1880.20189295
1111110110000000	-2031.88498288
1111110110100000	-1768.27033477
1111110111000000	-1949.07329141
1111110111100000	-1685.4586433
1111111000000000	-2010.00772261
1111111000100000	-1746.39307451
1111111001000000	-1905.9091939
1111111001100000	-1642.2945458
1111111010000000	-1767.54470748
1111111010100000	-1503.93005938
1111111011000000	-1684.73301602
1111111011100000	-1421.11836791
1111111100000000	-1919.57842312
1111111100100000	-1655.96377502
1111111101000000	-1815.47989442
1111111101100000	-1551.86524631
1111111110000000	-1703.54833623
1111111110100000	-1439.93368813
1111111111000000	-1620.73664477
1111111111100000	-1357.12199666
1111111000000000	-2010.00772261
1111111000010000	-1831.27703796
1111111000100000	-1746.39307451
1111111000110000	-1567.66238985
1111111001000000	-1905.9091939
1111111001010000	-1727.17850925
1111111001100000	-1642.2945458
1111111001110000	-1463.56386115
1111111010000000	-1767.54470748
1111111010010000	-1588.81402283
1111111010100000	-1503.93005938
1111111010110000	-1325.19937473
1111111011000000	-1684.73301602
1111111011010000	-1506.00233137
1111111011100000	-1421.11836791
1111111011110000	-1242.38768326
1111111100000000	-1919.57842312
1111111100010000	-1740.84773847
1111111100100000	-1655.96377502
1111111100110000	-1477.23309037
1111111101000000	-1815.47989442
1111111101010000	-1636.74920976
1111111101100000	-1551.86524631
1111111101110000	-1373.13456166
1111111110000000	-1703.54833623
1111111110010000	-1524.81765158
1111111110100000	-1439.93368813
1111111110110000	-1261.20300348
1111111111000000	-1620.73664477
1111111111010000	-1442.00596011
1111111111100000	-1357.12199666
1111111111110000	-1178.39131201
1111111100000000	-1919.57842312
1111111100001000	-1347.68346697
1111111100010000	-1740.84773847
1111111100011000	-1195.9810495
1111111100100000	-1655.96377502
1111111100101000	-1084.06881887
1111111100110000	-1477.23309037
1111111100111000	-932.366401395
1111111101000000	-1815.47989442
1111111101001000	-1243.58493826
1111111101010000	-1636.74920976
1111111101011000	-1091.88252079
1111111101100000	-1551.86524631
1111111101101000	-979.970290162
1111111101110000	-1373.13456166
1111111101111000	-828.267872691
1111111110000000	-1703.54833623
1111111110001000	-1131.65338008
1111111110010000	-1524.81765158
1111111110011000	-979.950962611
1111111110100000	-1439.93368813
1111111110101000	-868.038731979
1111111110110000	-1261.20300348
1111111110111000	-716.336314509
1111111111000000	-1620.73664477
1111111111001000	-1048.84168861
1111111111010000	-1442.00596011
1111111111011000	-897.139271144
1111111111100000	-1357.12199666
1111111111101000	-785.227040512
1111111111110000	-1178.39131201
1111111111111000	-633.524623041
1111111110000000	-1703.54833623
1111111110000100	-1044.30176779
1111111110001000	-1131.65338008
1111111110001100	-761.023922017
1111111110010000	-1524.81765158
1111111110010100	-865.571083139
1111111110011000	-979.950962611
1111111110011100	-609.321504547
1111111110100000	-1439.93368813
1111111110100100	-780.687119688
1111111110101000	-868.038731979
1111111110101100	-497.409273914
1111111110110000	-1261.20300348
1111111110110100	-601.956435036
1111111110111000	-716.336314509
1111111110111100	-345.706856444
1111111111000000	-1620.73664477
1111111111000100	-961.490076323
1111111111001000	-1048.84168861
1111111111001100	-678.21223055
1111111111010000	-1442.00596011
1111111111010100	-782.759391672
1111111111011000	-897.139271144
1111111111011100	-526.509813079
1111111111100000	-1357.12199666
1111111111100100	-697.87542822
1111111111101000	-785.227040512
1111111111101100	-414.597582447
1111111111110000	-1178.39131201
1111111111110100	-519.144743569
1111111111111000	-633.524623041
1111111111111100	-262.895164977
1111111111000000	-1620.73664477
1111111111000010	-1305.80998689
1111111111000100	-961.490076323
1111111111000110	-734.546871498
1111111111001000	-1048.84168861
1111111111001010	-733.915030742
1111111111001100	-678.21223055
1111111111001110	-451.269025725
1111111111010000	-1442.00596011
1111111111010010	-1127.07930224
1111111111010100	-782.759391672
1111111111010110	-555.816186847
1111111111011000	-897.139271144
1111111111011010	-582.212613271
1111111111011100	-526.509813079
1111111111011110	-299.566608254
1111111111100000	-1357.12199666
1111111111100010	-1042.19533879
1111111111100100	-697.87542822
1111111111100110	-470.932223395
1111111111101000	-785.227040512
1111111111101010	-470.300382639
1111111111101100	-414.597582447
1111111111101110	-187.654377622
1111111111110000	-1178.39131201
1111111111110010	-863.464654139
1111111111110100	-519.144743569
1111111111110110	-292.201538744
1111111111111000	-633.524623041
1111111111111010	-318.597965168
1111111111111100	-262.895164977
1111111111111110	-35.9519601512
1111111111100000	-1357.12199666
1111111111100001	-1305.72374141
1111111111100010	-1042.19533879
1111111111100011	-1006.24337864
1111111111100100	-697.87542822
1111111111100101	-646.477172967
1111111111100110	-470.932223395
1111111111100111	-434.980263244
1111111111101000	-785.227040512
1111111111101001	-733.828785258
1111111111101010	-470.300382639
1111111111101011	-434.348422488
1111111111101100	-414.597582447
1111111111101101	-363.199327193
1111111111101110	-187.654377622
1111111111101111	-151.702417471
1111111111110000	-1178.39131201
1111111111110001	-1126.99305676
1111111111110010	-863.464654139
1111111111110011	-827.512693987
1111111111110100	-519.144743569
1111111111110101	-467.746488315
1111111111110110	-292.201538744
1111111111110111	-256.249578593
1111111111111000	-633.524623041
1111111111111001	-582.126367788
1111111111111010	-318.597965168
1111111111111011	-282.646005017
1111111111111100	-262.895164977
1111111111111101	-211.496909723
1111111111111110	-35.9519601512
1111111111111111	0.0
1111111111110000	-1178.39131201
1111111111110001	-1126.99305676
1111111111110010	-863.464654139
1111111111110011	-827.512693987
1111111111110100	-519.144743569
1111111111110101	-467.746488315
1111111111110110	-292.201538744
1111111111110111	-256.249578593
1111111111111000	-633.524623041
1111111111111001	-582.126367788
1111111111111010	-318.597965168
1111111111111011	-282.646005017
1111111111111100	-262.895164977
1111111111111101	-211.496909723
1111111111111110	-35.9519601512
1111111111111111	0.0
1111111111111000	-633.524623041
1111111111111001	-582.126367788
1111111111111010	-318.597965168
1111111111111011	-282.646005017
1111111111111100	-262.895164977
1111111111111101	-211.496909723
1111111111111110	-35.9519601512
1111111111111111	0.0
